-55 81 
-81 83 
-99 75 
-112 68 
-125 45 
-119 22 
-91 5 
-67 -2 
-62 -18 
-63 -27 
-71 -33 
-87 -36 
-122 -37 
-141 -41 
-159 -51 
-158 -68 
-127 -69 
-103 -65 
-78 -60 
-62 -56 
-60 -64 
-60 -74 
-68 -94 
-73 -103 
-88 -123 
-96 -143 
-104 -168 
-84 -176 
-70 -168 
-54 -150 
-44 -114 
-38 -97 
-29 -94 
-19 -137 
-17 -142 
-11 -154 
4 -164 
13 -165 
27 -163 
25 -140 
15 -128 
7 -116 
-2 -98 
-11 -74 
-14 -57 
-14 -50 
7 -54 
25 -54 
52 -48 
60 -43 
63 -34 
63 -22 
48 -17 
33 -18 
14 -20 
-1 -21 
-11 -21 
-25 -18 
-37 -3 
-36 3 
-26 7 
-18 11 
-11 35 
-8 53 
-10 68 
-26 80 
-41 81 
