46.8468	99.2278
35.1351	100
27.027	96.9112
21.1712	94.2085
15.3153	85.3282
18.018	76.4479
30.6306	69.8842
41.4414	67.1815
43.6937	61.0039
43.2432	57.529
39.6396	55.2124
32.4324	54.0541
16.6667	53.668
8.10811	52.1236
0	48.2625
0.45045	41.6988
14.4144	41.3127
25.2252	42.8571
36.4865	44.7876
43.6937	46.332
44.5946	43.2432
44.5946	39.3822
40.991	31.6602
38.7387	28.1853
31.982	20.4633
28.3784	12.7413
24.7748	3.0888
33.7838	0
40.0901	3.0888
47.2973	10.0386
51.8018	23.9382
54.5045	30.5019
58.5586	31.6602
63.0631	15.0579
63.964	13.1274
66.6667	8.49421
73.4234	4.6332
77.4775	4.2471
83.7838	5.01931
82.8829	13.8996
78.3784	18.5328
74.7748	23.166
70.7207	30.1158
66.6667	39.3822
65.3153	45.9459
65.3153	48.6486
74.7748	47.1042
82.8829	47.1042
95.045	49.4208
98.6486	51.3514
100	54.8263
100	59.4595
93.2432	61.39
86.4865	61.0039
77.9279	60.2317
71.1712	59.8456
66.6667	59.8456
60.3604	61.0039
54.955	66.7954
55.4054	69.112
59.9099	70.6564
63.5135	72.2008
66.6667	81.4672
68.018	88.417
67.1171	94.2085
59.9099	98.8417
53.1532	99.2278
