-52.5 77.3182
-53.7727 74.4545
-55.6818 64.2727
-58.5455 58.8636
-61.4091 58.8636
-65.8636 62.0455
-68.0909 64.9091
-69.3636 63.6364
-69.6818 59.8182
-69.0455 55.3636
-69.0455 52.8182
-68.4091 42
-68.0909 35.6364
-69.3636 31.8182
-72.5455 32.1364
-75.4091 35.9545
-77.6364 40.4091
-79.5455 43.5909
-81.7727 45.1818
-83.6818 45.1818
-85.2727 39.4545
-85.5909 36.5909
-87.5 36.2727
-90.0455 36.5909
-90.3636 38.5
-92.9091 42
-95.7727 42.3182
-98 36.9091
-97.0455 33.4091
-96.7273 29.9091
-96.7273 26.4091
-97.0455 23.5455
-99.2727 22.2727
-100.545 20.3636
-100.227 18.4545
-94.5 14.6364
-87.1818 7.31818
-77.3182 2.22727
-78.5909 -2.54545
-79.5455 -7.95455
-75.7273 -10.1818
-71.9091 -9.22727
-64.9091 -9.22727
-59.1818 -8.27273
-56.9545 -8.27273
-56.9545 -9.22727
-56.6364 -11.1364
-56.6364 -13.0455
-56.6364 -14.3182
-56.3182 -15.9091
-56.6364 -18.1364
-56.6364 -19.7273
-56.6364 -21.3182
-56.3182 -22.9091
-56.3182 -25.7727
-56.3182 -27.3636
-56.3182 -28.6364
-56 -29.5909
-56 -30.5455
-56 -31.8182
-56 -33.7273
-56 -34.6818
-56 -35.3182
-55.3636 -35.3182
-55.0455 -35.3182
-54.7273 -35
-54.0909 -33.4091
-54.0909 -31.8182
-53.7727 -29.5909
-53.7727 -28.6364
-53.7727 -27.3636
-53.7727 -26.0909
-53.7727 -25.1364
-54.0909 -23.5455
-54.0909 -21.9545
-54.0909 -19.4091
-54.0909 -18.4545
-53.7727 -16.5455
-53.7727 -13.3636
-53.7727 -12.0909
-53.7727 -9.54545
-53.4545 -9.22727
-53.7727 -8.59091
-52.5 -7.31818
-47.4091 -8.90909
-44.8636 -9.22727
-39.1364 -9.86364
-31.1818 -9.86364
-28.6364 -10.5
-25.7727 -10.5
-25.7727 -9.86364
-27.0455 -5.72727
-28.3182 0
-25.4545 2.86364
-22.5909 4.77273
-15.9091 7.31818
-11.7727 8.59091
-5.40909 10.5
-1.27273 13.3636
0.954545 16.5455
1.27273 20.3636
-0.636364 22.9091
-3.5 28.6364
-2.22727 32.4545
-0.954545 37.2273
0.954545 42.9545
-0.636364 43.5909
-2.22727 43.2727
-9.22727 42.3182
-14.6364 40.4091
-17.1818 43.5909
-16.8636 46.4545
-16.5455 49.9545
-17.5 51.8636
-20.6818 51.2273
-26.4091 46.4545
-31.1818 41.0455
-37.2273 37.2273
-39.7727 36.9091
-39.4545 41.6818
-37.8636 52.1818
-36.2727 57.5909
-35.6364 60.7727
-35.3182 64.5909
-35.6364 67.4545
-38.1818 68.0909
-39.7727 65.5455
-41.6818 63
-44.2273 62.3636
-47.7273 68.4091
-48.3636 73.1818
-49.3182 75.0909
-50.9091 78.2727
-52.5 77.3182
