47.1873	99.1597
45.9373	96.6386
44.0623	87.6751
41.2497	82.9132
38.4372	82.9132
34.0622	85.7143
31.8747	88.2353
30.6247	87.1149
30.3122	83.7535
30.9371	79.8319
30.9371	77.5911
31.5622	68.0672
31.8747	62.465
30.6247	59.1037
27.4996	59.3838
24.6872	62.7451
22.4996	66.6667
20.6246	69.4678
18.4372	70.8684
16.5621	70.8684
14.9996	65.8263
14.6871	63.3053
12.8121	63.0252
10.3121	63.3053
9.99963	64.986
7.49958	68.0672
4.6871	68.3474
2.49956	63.5855
3.43702	60.5042
3.74954	57.423
3.74954	54.3418
3.43702	51.8208
1.24959	50.7003
0	49.0196
0.312323	47.3389
5.93708	43.9776
13.1246	37.535
22.8121	33.0532
21.5622	28.8516
20.6246	24.0896
24.3746	22.1289
28.1247	22.9692
34.9997	22.9692
40.6248	23.8095
42.8123	23.8095
42.8123	22.9692
43.1247	21.2885
43.1247	19.6078
43.1247	18.4874
43.4372	17.0868
43.1247	15.126
43.1247	13.7255
43.1247	12.3249
43.4372	10.9244
43.4372	8.4034
43.4372	7.00285
43.4372	5.88234
43.7497	5.04204
43.7497	4.20166
43.7497	3.08123
43.7497	1.40055
43.7497	0.560256
43.7497	0
44.3748	0
44.6872	0
44.9997	0.280128
45.6248	1.68068
45.6248	3.08123
45.9373	5.04204
45.9373	5.88234
45.9373	7.00285
45.9373	8.12327
45.9373	8.96357
45.6248	10.3641
45.6248	11.7648
45.6248	14.0056
45.6248	14.846
45.9373	16.5266
45.9373	19.3278
45.9373	20.4482
45.9373	22.6891
46.2498	22.9692
45.9373	23.5294
47.1873	24.6499
52.1873	23.2493
54.6873	22.9692
60.3123	22.409
68.1249	22.409
70.6248	21.8488
73.4374	21.8488
73.4374	22.409
72.1873	26.0504
70.9374	31.0925
73.7499	33.6135
76.5624	35.2941
83.1249	37.535
87.1875	38.6555
93.4375	40.3362
97.5	42.8571
99.6875	45.6583
100	49.0196
98.125	51.2605
95.3125	56.3026
96.5625	59.6638
97.8125	63.8656
99.6875	68.9075
98.125	69.4678
96.5625	69.1877
89.6875	68.3474
84.3749	66.6667
81.8749	69.4678
82.1875	71.9888
82.4999	75.07
81.5624	76.7507
78.4374	76.1905
72.8124	71.9888
68.1249	67.227
62.1873	63.8656
59.6873	63.5855
59.9999	67.7871
61.5624	77.0308
63.1249	81.7927
63.7498	84.5938
64.0623	87.9552
63.7498	90.4762
61.2498	91.0364
59.6873	88.7956
57.8123	86.5546
55.3123	85.9944
51.8748	91.3166
51.2498	95.5182
50.3123	97.1989
48.7498	100
47.1873	99.1597
